1164 635
995 409
853 409
742 566
658 690
592 562
535 575
489 702
1377 631
1374 600
1404 536
1368 563
1260 667
1165 512
1066 491
955 614
836 684
702 582
556 637
405 722
254 637
92 729
499 528
634 820
716 607
779 602
832 753
884 644
929 660
968 695
976 652
970 556
986 531
884 589
711 706
564 553
361 589
590 714
589 703
579 628
574 758
574 687
579 700
578 723
580 711
586 716
591 737
596 711
602 720
609 723
610 697
589 614
589 571
592 463
590 314
581 295
568 434
551 789
555 511
566 403
570 485
572 776
573 616
575 566
572 737
582 703
592 681
609 848
642 739
680 879
711 795
1356 394
1115 639
908 684
578 578
448 770
341 620
247 634
168 705
160 574
175 529
374 703
515 518
680 507
864 711
1093 690
1357 628
