1692 592
1480 361
1244 325
989 495
752 661
545 467
344 474
157 677
1112 560
1116 530
1112 469
1112 492
1096 598
1094 439
1081 411
1056 551
1028 638
1008 514
968 601
914 748
859 630
750 856
1689 490
1447 835
1299 564
1165 545
1041 721
965 587
895 599
834 637
807 583
808 469
785 438
913 517
1138 681
1386 500
1712 577
1768 709
1631 698
1494 605
1342 773
1228 674
1108 690
1000 723
899 706
809 704
730 731
663 691
597 702
541 709
519 667
504 545
470 474
531 316
687 105
847 88
1010 310
1177 823
1258 439
1319 294
1366 410
1391 790
1459 586
1514 527
1541 742
1615 697
1697 669
1753 850
1815 728
1854 869
1899 775
1832 401
1688 597
1367 468
1148 518
896 817
646 577
362 603
65 759
68 478
184 382
803 725
1124 438
1375 444
1562 680
1722 644
1848 589
